[3400.526  2319.5657 4138.4814 3387.2014 3944.1045 6857.07   3634.2751 4674.061  2980.625  4328.817  3850.656  2345.935 ]
[824, 482, 49, 434, 27, 233, 50, 308, 3763, 114, 530, 54]
OK F
[2457.3503 3439.7488 1575.8431 2370.1826 2266.8447 5035.485  4847.5854 3151.8784 4951.5884 2217.4504 3271.4924 1521.6056]
[11, 821, 43, 580, 1494, 25, 746, 29, 684, 333, 9, 760]
!! Fm C#
[3490.4941 3882.858  7217.409  3735.6494 3841.9502 4957.83   3285.2551 4178.4775 3277.9158 5820.193  3571.7705 2628.8293]
[1046, 177, 249, 972, 109, 1019, 392, 348, 1206, 189, 1077, 163]
!! Dm F
[3491.5964 2496.9463 4005.1357 2035.4822 2904.8386 3183.1086 1923.923 5457.1455 2304.6404 5655.041  1904.424  1524.938 ]
[1638, 131, 8, 347, 7, 238, 14, 2, 314, 94, 2144, 930]
!! Am G
[4349.027  1967.8131 3929.0688 1755.3673 2804.189  4800.243  2228.103 4177.205  1660.7732 2731.5146 1747.3805 2011.0764]
[196, 61, 21, 713, 12, 483, 55, 576, 1755, 7, 983, 36]
OK F
[2402.227  2316.4065 2436.791  2962.087  2531.858  2008.5    2786.5195 3133.769  5776.9766 3457.7441 3071.691  3494.7063]
[75, 304, 1553, 112, 414, 142, 352, 76, 9, 328, 61, 904]
!! Abm B
[2864.537  5354.152  2508.6362 3314.849  2273.589  3192.3909 3115.9292 2372.9976 5012.7075 2553.02   3858.3547 2127.97  ]
[147, 417, 138, 168, 1506, 114, 1222, 200, 703, 496, 112, 714]
OK C#
[1914.0079 2178.303  1672.5148 2882.1191 3006.6084 2937.1643 4804.1553 3868.6028 5822.426  2882.3489 3707.394  3941.9326]
[66, 1255, 955, 25, 242, 19, 581, 131, 5, 482, 492, 2050]
OK Abm
[5078.456  3216.2239 5879.234  2874.1646 3206.882  2705.3142 4250.7744 6340.951  3093.1663 4533.231  4109.3604 4589.2744]
[809, 33, 1237, 139, 35, 359, 16, 311, 10, 152, 3280, 41]
OK G
[2424.1182  1000.23694 3555.1453   832.96796 2361.683    961.2067 2834.3997  5290.3086  2123.784   3846.094   1566.4585  2866.984  ]
[1114, 134, 1220, 393, 80, 1145, 35, 49, 7, 299, 2117, 236]
OK G
[2868.339  1688.8744 4615.9434 2800.4946 2612.717  4858.474  3090.3975 7485.3735 3564.7878 3992.2888 5434.682  2366.8967]
[217, 1867, 59, 858, 39, 546, 47, 16, 824, 1, 2855, 88]
OK Gm
[1197.8019  2011.9766  1105.3285  3216.686   2119.138   1154.9011 3272.7483  1052.206   1801.8239   889.53064 2341.1868  3771.6868 ]
[46, 552, 1574, 80, 527, 107, 1347, 323, 13, 700, 51, 578]
OK B
[2818.0955 4003.159  1904.0654 1933.08   1990.2426 1451.7947 2750.5627 2057.7708 3970.4395 3294.0593 2610.7197 3734.9353]
[202, 15, 382, 23, 1355, 56, 382, 476, 34, 807, 140, 1121]
OK C#m
[5966.849  4251.2266 3040.9792 2789.06   2702.0027 4241.715  2672.3857 4065.8474 2495.2444 4163.032  2247.2065 2310.5796]
[746, 198, 1079, 2025, 133, 1113, 107, 642, 229, 25, 446, 92]
OK C
[2884.052  3695.7375 3760.1387 3769.0479 4819.53   3364.8562 5253.925 3676.8406 4836.2104 5584.769  2982.7126 3424.189 ]
[1324, 74, 879, 120, 555, 53, 3, 313, 42, 685, 154, 466]
OK A
[1564.2484 2090.34   2067.941  1332.7474 2451.952  2179.9321 4651.7466 2578.458  2448.1038 3868.4583 2167.5637 2870.2786]
[960, 18, 681, 12, 1085, 998, 1, 620, 42, 1010, 293, 113]
!! F#m D
[4359.4087 2156.7725 4065.5857 2044.2659 3253.118  1234.3265 1796.0452 2901.5798 1601.1814 2272.5505 1403.0356 2662.8828]
[577, 42, 784, 436, 34, 689, 64, 780, 99, 497, 1422, 36]
!! C G
[2300.3225 4308.0176 2173.0454 3370.2275 1655.2283 2785.0037 4701.6807 4489.2974 3333.998  1847.2131 3505.3313 2981.734 ]
[53, 1883, 490, 14, 556, 7, 499, 60, 696, 1571, 19, 388]
OK F#
[2288.3557 2836.3914 1814.6855 1991.8666 1640.6831 4450.602  5283.7383 3022.9263 4852.6646 1972.7803 2831.7664 1415.0109]
[162, 632, 81, 714, 984, 27, 782, 56, 590, 911, 41, 759]
!! F# C#
[3740.499  4158.061  3053.2715 3705.6333 5706.58   3420.5515 4085.2744 3485.1653 3884.4868 4211.6216 3524.3389 5549.2236]
[99, 20, 295, 29, 247, 0, 19, 2734, 21, 915, 43, 929]
OK E
[4114.2026 5794.0312 5693.656  3899.5068 4526.214  3416.4316 4755.8984 4022.4321 5052.1333 6315.0405 4292.7915 4739.5684]
[1335, 27, 726, 56, 761, 147, 64, 653, 37, 1045, 42, 448]
OK A
[2059.6946 2559.708  3679.1414 1560.7644 1865.5193 1569.1565 3087.0198 3861.9438 3521.8733 4136.689  2527.3699 3341.9033]
[291, 23, 344, 12, 293, 2136, 14, 552, 23, 1178, 434, 12]
!! A D
[2193.269  3208.6587 2472.0376 4769.666  7875.423  4558.8945 4733.503 3799.9568 5390.2686 4165.133  2662.3364 4076.369 ]
[38, 47, 404, 17, 646, 28, 138, 4055, 115, 398, 89, 534]
OK E
[3398.71   3406.4536 2600.0989 2843.6082 2647.6108 3904.6948 4150.1777 3022.382  2838.3533 3716.5625 5200.697  2741.7812]
[497, 1433, 173, 746, 948, 57, 649, 104, 190, 273, 22, 91]
OK Bbm
[3656.107  1954.9441 5275.036  1843.0184 3515.9001 1680.3418 2496.7834 4216.937  1903.2053 3209.6501 1704.6432 3423.8972]
[1175, 196, 1210, 750, 102, 628, 46, 389, 54, 354, 1971, 123]
!! D G
[5115.005  3597.4949 3593.4087 3495.1973 2665.587  4175.276  2356.3274 4407.384  4137.0815 3547.5237 5197.6914 2900.0127]
[33, 981, 39, 173, 13, 137, 863, 50, 1440, 34, 659, 264]
!! Bb Eb
[2359.5364 3304.4456 3081.4707 4351.745  3686.6528 3054.4229 5392.1685 3716.3176 4285.8623 2733.42   3019.089  4568.2227]
[23, 65, 1965, 139, 756, 67, 336, 75, 147, 957, 84, 532]
!! F# B
[4031.0027 2676.7583 4224.7207 2588.0293 3141.9382 6608.0767 2541.695 2918.297  2318.791  4884.1885 4457.6094 2629.3445]
[1816, 694, 91, 650, 34, 162, 55, 28, 1943, 33, 437, 61]
OK F
[2259.1096 4897.423  4109.8735 1760.2861 2400.5645 2132.8704 4434.201 1282.1456 1899.9508 2638.492  2481.9543 3551.3713]
[469, 18, 832, 87, 1287, 639, 203, 807, 473, 1378, 62, 91]
!! C#m Bm
[3062.0173 1667.833  2837.2214 4529.704  2087.9336 2903.8752 2009.2428 4225.817  2756.3525 1684.7104 3357.3042 1756.3651]
[17, 739, 15, 396, 14, 376, 1255, 3, 201, 48, 876, 1178]
OK Eb
[2758.035  1754.0693 3465.5034 2469.144  4843.45   3536.5977 3310.5007 4388.423  2392.4065 2615.0183 1749.2557 2559.5332]
[214, 162, 1047, 525, 5, 699, 4, 1045, 75, 136, 1212, 13]
!! Em G
[3296.7224 3660.2737 2855.4243 4451.7993 2574.942  3965.7976 2592.3008 3932.4355 5151.7856 2669.9958 3223.3455 2054.62  ]
[48, 894, 155, 634, 127, 30, 680, 42, 691, 21, 316, 2006]
OK Ab
[2032.4637 2513.5156 3754.3647 2653.1765 3786.1658 2596.9993 3633.0007 4271.0693 2766.1155 2976.8237 2228.5688 3483.2139]
[547, 117, 609, 136, 61, 784, 61, 1139, 26, 591, 292, 38]
!! G D
[1515.3215 1168.8633 1433.635  1304.7218 2345.5723 4931.969  4027.348 5427.785  1901.4039 1954.8593 1619.9481 1518.4756]
[422, 116, 595, 367, 16, 95, 9, 169, 408, 358, 1709, 131]
OK G
[3579.6956 1803.3777 3298.9314 2071.4438 1964.1537 3688.6328 2061.3293 5448.822  1819.5491 2485.9092 3668.266  2152.2268]
[272, 744, 60, 785, 42, 574, 76, 11, 728, 41, 2524, 138]
OK Gm
[3947.2385 2652.567  3860.8687 1885.236  2359.0994 1764.147  2937.7197 4362.892  2114.0752 2832.067  1729.792  2818.9443]
[949, 33, 1190, 162, 16, 713, 10, 173, 15, 187, 1425, 51]
OK G
[3471.286  2302.5935 2543.6218 2759.504  5320.5728 3281.971  4002.4622 6015.899  3805.7788 3883.0454 2481.9253 3271.0347]
[860, 374, 524, 120, 51, 319, 62, 545, 135, 379, 2167, 301]
OK G
[2430.1396 4345.2935 1801.5569 2514.7048 3297.2708 1779.0044 2981.104 2044.04   4502.9824 3272.7202 2121.2346 4057.367 ]
[195, 41, 640, 121, 893, 86, 478, 824, 53, 1312, 127, 684]
!! Abm C#m
[1536.6487 3233.3098 2277.1975 1369.3906 2529.2756 1679.5486 3295.155 1910.4451 3055.4363 6040.589  2258.7554 2407.7468]
[1733, 201, 973, 68, 1290, 519, 12, 804, 34, 448, 68, 414]
OK A
[1913.9825 3468.9482 1464.2588 1783.0642 3725.998  1749.9803 2280.6926 1390.684  2479.3274 3060.3062 1869.9296 3766.6775]
[224, 55, 632, 128, 602, 22, 36, 975, 49, 1663, 102, 741]
!! B E
[1652.4937 2931.5818 1815.2501 3735.6    1792.4121 2327.5295 6020.2065 1974.6465 2459.443  1542.58   3250.915  3413.712 ]
[180, 1145, 642, 43, 374, 23, 204, 30, 89, 1617, 143, 1557]
OK F#
[1995.4268 3391.911  5292.0444 2130.8433 2986.2236 2527.7195 3738.4133 3875.5708 2153.7942 3770.1216 2097.3367 2761.294 ]
[353, 9, 336, 5, 54, 1549, 10, 672, 45, 1827, 190, 2]
OK D
[5615.792  3477.851  4730.815  2973.993  4363.5845 3473.3816 2980.872 5747.153  4133.378  5544.586  3507.9187 3673.0217]
[295, 37, 269, 1973, 88, 1046, 89, 512, 130, 16, 1145, 16]
!! G C
[4236.5474 1957.5194 3255.5525 4409.455  1773.925  2079.3606 2076.8386 5261.8086 4784.3057 3113.713  3730.724  1780.3683]
[827, 580, 99, 1167, 65, 281, 1975, 14, 363, 67, 1020, 568]
!! Gm Eb
[2086.5264 4997.0967 3580.073  1948.039  4088.2434 2309.19   5559.468 2319.1494 3556.9758 4788.076  2353.945  3032.9822]
[882, 5, 492, 36, 862, 739, 12, 1562, 94, 1820, 33, 133]
OK F#m
[3444.915  3840.5447 4526.874  3271.6772 5342.8633 2932.6863 4001.827 3006.9407 3296.3164 5745.356  3664.2063 4679.116 ]
[567, 163, 953, 88, 339, 887, 106, 991, 83, 792, 197, 62]
!! A Bm
[2313.2412 3387.0376 5896.094  2253.859  2879.978  2382.2046 5541.1475 5036.305  4424.822  6456.43   3328.0925 5334.3345]
[1408, 29, 1405, 30, 147, 1897, 4, 164, 37, 855, 469, 58]
!! A D
[3088.6633 2768.2678 4199.2866 3670.6162 6520.624  4024.4062 4079.1184 4494.3994 3199.5007 3248.6348 2912.2993 3676.5073]
[423, 79, 1094, 183, 223, 357, 162, 534, 19, 126, 1748, 45]
!! Em G
[6886.3394 4683.92   4160.5044 4270.3228 3550.458  3046.4912 2871.504 5169.1978 3684.908  3720.4116 4640.542  3822.41  ]
[89, 904, 183, 2186, 244, 228, 546, 191, 123, 130, 209, 43]
!! Cm Bb
[2031.2474 2542.8687 2549.8247 4198.516  3215.58   4477.4077 2972.5564 2546.8147 3623.7168 2395.213  3104.7456 1653.9087]
[105, 970, 83, 221, 848, 53, 765, 206, 689, 271, 46, 875]
!! Fm Bbm
[6639.1475 6075.098  6964.869  5962.3525 6706.057  5270.3345 5702.167 5418.907  5978.9917 8681.794  9425.431  8155.3345]
[318, 78, 1555, 132, 116, 1450, 55, 1008, 38, 830, 241, 33]
!! Bb Bm
[1981.0682 2373.8406 5837.7397 2332.0933 3179.3872 2183.0488 2874.3918 4009.1912 2563.9663 4957.956  3177.969  3547.5789]
[750, 971, 684, 176, 335, 1654, 72, 726, 146, 1101, 847, 68]
OK D
[5338.6646 2818.0566 2734.443  2354.364  3269.786  3909.2842 2279.6355 2638.0698 2133.1265 2937.6118 1969.523  2403.6382]
[696, 95, 415, 2014, 67, 163, 31, 241, 395, 42, 132, 166]
OK C
[2771.6526 4459.2207 2719.1467 2793.163  1986.3091 2731.662  3423.4475 2309.64   4609.328  2547.3127 2786.7188 1694.8926]
[116, 586, 75, 267, 1272, 118, 1146, 39, 786, 367, 43, 376]
!! Ab C#
[4679.828  2676.3396 5610.4976 2562.9165 5119.3545 2082.2246 2596.8755 5808.8364 2116.6082 2727.6382 1907.2168 3207.5447]
[2021, 179, 1812, 262, 8, 706, 46, 493, 29, 171, 3442, 41]
OK G
[2812.1345 5023.7856 2255.4734 2345.2769 3675.878  3399.8074 6203.751 3856.4614 4349.3853 4521.975  3032.6953 3722.1182]
[675, 44, 91, 285, 1702, 60, 9, 678, 47, 2426, 168, 862]
OK F#m
[1727.4413 2879.8733 1807.6373 3033.5515 5627.2803 2430.7498 4357.242 2344.1865 3914.8667 2898.4304 1983.6985 3114.2288]
[541, 56, 703, 92, 119, 20, 11, 1866, 18, 2052, 131, 1748]
OK E
[3018.38   4879.359  5995.778  2642.4495 3704.8044 2938.5679 5450.6494 5040.124  3007.9424 4777.9434 3500.7986 6265.5967]
[756, 308, 1215, 251, 742, 1009, 184, 719, 82, 1743, 580, 92]
OK Bm
[2644.6694 4855.5415 4312.414  4026.0034 5588.8076 3282.8801 5127.415 3328.5015 4839.1953 4501.9966 2452.711  3057.939 ]
[1399, 47, 269, 43, 249, 370, 5, 290, 91, 1594, 119, 1562]
!! E F#m
[1841.8684 3189.0164 2696.1362 5923.735  4103.385  4558.863  7163.2446 2984.9382 4281.2715 2455.818  4916.2676 5107.3286]
[214, 1978, 2187, 77, 318, 103, 982, 173, 124, 606, 97, 387]
!! F# B
[1875.0385 2288.7415 1917.7633 1273.762  1973.7067 1956.1249 3773.3965 3437.9941 3158.792  2491.919  2560.2483 3866.7485]
[309, 53, 1415, 37, 202, 422, 47, 920, 65, 739, 128, 78]
OK Bm
[4858.783  2904.1897 4278.025  2604.3367 3445.2256 5391.9106 4015.4956 6202.2373 4400.952  5009.014  3678.6602 2528.8977]
[2191, 574, 25, 1668, 19, 211, 28, 219, 969, 20, 484, 69]
!! Gm F
[3305.1638 2604.3037 3833.493  2386.2654 3366.126  4818.82   2536.3184 2885.8076 2482.2913 4292.7046 3604.9438 2630.4646]
[869, 506, 62, 430, 170, 397, 7, 120, 763, 9, 248, 47]
OK F
[5550.482  6552.399  4983.5835 5013.9365 3490.206  3568.67   4882.8066 2764.1667 3574.1428 3250.6912 4173.6143 6661.5522]
[212, 738, 431, 488, 918, 57, 786, 214, 1091, 2321, 563, 1226]
!! B F#
[2739.4192 5735.399  2689.4941 4064.1743 2172.3813 3245.334  3614.8545 2173.0156 3911.1938 2202.321  4076.84   2122.3643]
[128, 726, 81, 42, 2406, 55, 950, 265, 544, 401, 37, 470]
OK C#
[5476.537  3556.6218 2723.617  3284.502  2688.678  5672.429  3531.8354 4348.0103 5011.4595 3135.6755 4337.3213 2726.0105]
[30, 637, 85, 1336, 352, 20, 318, 179, 1154, 115, 203, 1007]
OK Fm
[3431.6462 5536.02   2663.7554 2562.9243 2928.7793 2332.451  3765.1868 3382.5505 4390.7974 3401.4934 2927.4202 3775.1643]
[128, 17, 246, 38, 1765, 56, 145, 755, 61, 1067, 84, 1289]
OK C#m
[3789.0034 4053.69   2869.9363 6503.046  3087.7908 4685.062  2425.7043 3506.1367 5673.8276 2576.2815 4805.5923 2352.283 ]
[125, 2112, 136, 729, 88, 83, 564, 77, 57, 23, 216, 2846]
!! Eb Ab
[1794.8582 1474.807  2494.6738 2277.8171 1337.1335 3039.4658 1651.7677 3211.6155 1712.153  1967.9105 4853.2744 1383.6406]
[89, 1612, 27, 781, 52, 794, 142, 24, 1075, 30, 302, 33]
OK Bb
[4035.1304 4165.5728 3505.6245 4351.6733 5437.998  4574.267  7146.71 4794.8154 6100.8354 4762.007  5410.6167 6965.4014]
[543, 213, 1991, 138, 638, 94, 720, 629, 65, 926, 192, 350]
!! F# B
[2556.2163 3593.273  5539.935  2254.6797 3214.481  2308.112  4587.646 3706.2512 2447.4492 3212.0496 2492.7168 5023.5337]
[126, 31, 514, 61, 274, 2202, 45, 1059, 63, 999, 49, 14]
OK D
[6102.408  5642.662  9134.231  5346.1484 8303.486  5530.512  6084.112 7444.431  4632.109  4418.2554 4262.119  5767.559 ]
[523, 108, 837, 409, 322, 1415, 655, 650, 172, 263, 1413, 95]
!! D G
[3177.3398 3888.997  5274.11   2555.7195 3097.7969 2661.9773 5046.7305 4411.471  3541.119  5657.8164 4134.7065 4562.7007]
[112, 6, 59, 14, 87, 1939, 18, 653, 9, 753, 289, 2]
!! A D
[4896.451  2804.5537 4152.5674 6916.816  3104.68   3874.962  2465.3142 4873.129  4028.43   2500.282  5786.7915 2680.8633]
[110, 664, 105, 660, 92, 339, 1854, 33, 372, 13, 1354, 932]
OK Eb
[4721.977  3957.171  3204.5225 3886.6753 3401.9663 5337.2217 3497.9216 3864.3516 4115.0864 3671.3113 4894.4336 3767.504 ]
[43, 498, 73, 383, 241, 34, 975, 117, 461, 210, 407, 415]
!! Fm Eb
[3116.6306 3460.9373 2263.2883 2406.602  1612.3447 3017.9429 2767.2698 2197.553  4682.8823 2350.0571 4154.834  2379.3044]
[194, 1199, 298, 613, 1390, 20, 85, 8, 97, 604, 156, 1434]
!! Ab C#
[5460.061  2027.2059 1987.9939 1441.5314 2992.742  2935.5361 2179.6052 3966.903  3095.9656 4444.1304 3045.4585 3355.4094]
[100, 4, 262, 3023, 109, 456, 210, 882, 29, 4, 189, 11]
OK C
[3790.7686 4597.8096 5483.449  4482.392  4953.7817 3970.1792 5960.8755 4019.102  4028.879  6015.3584 4858.9126 5718.123 ]
[1006, 204, 1605, 64, 417, 223, 14, 685, 104, 330, 152, 298]
OK A
[4223.303  1461.6293 2070.8445 1294.8843 4700.147  1378.9623 2603.7852 2801.115  1115.3461 1734.978  1484.0569 4002.6013]
[449, 74, 866, 131, 23, 474, 85, 1620, 328, 1302, 883, 65]
OK Em
[1716.7032 3311.8352 1432.7963 2572.863  4909.344  2377.4053 3711.416 2364.354  3495.829  3998.0408 2116.609  4002.7712]
[277, 1, 442, 20, 1418, 119, 800, 1082, 79, 1431, 105, 650]
!! E C#m
[5646.3813 4338.786  5823.0405 5456.912  3879.3792 4701.7207 3835.9565 5943.0327 3942.0195 5081.62   6139.9863 4177.0894]
[536, 1177, 346, 1135, 86, 1142, 739, 4, 141, 41, 1513, 35]
!! Bb Gm
[2776.7278 2349.8818 3434.8752 4783.645  3387.567  4270.723  2052.9277 2167.3633 1591.8744 2314.1987 3960.4585 2351.802 ]
[365, 2422, 97, 1022, 164, 813, 245, 40, 565, 7, 424, 61]
!! Eb Bb
[2415.6926 3332.0046 2141.43   3328.5027 2938.1553 2331.4548 3858.7805 2572.3418 4029.7317 2617.0054 3746.9697 4990.1616]
[202, 225, 1409, 149, 805, 154, 806, 129, 24, 611, 169, 680]
OK B
[4546.563  2096.4956 3210.6382 2556.1865 4139.931  5295.748  3032.1401 4392.556  1725.8467 2497.3438 1546.2535 2465.467 ]
[516, 57, 257, 1482, 133, 442, 67, 448, 589, 31, 768, 67]
!! F C
[1316.2192 2866.0288 3734.6858 2471.718  6394.149  2200.187  3937.4475 1375.4122 1851.6324 2880.9138 1131.6741 2228.136 ]
[3050, 65, 804, 20, 579, 220, 24, 412, 3, 138, 47, 675]
!! E A
[6290.338  5861.901  5888.66   6180.725  7937.0137 6690.9663 6904.89 7661.73   6426.872  8104.768  6216.3057 6424.776 ]
[1080, 202, 1936, 791, 141, 276, 29, 1448, 19, 153, 357, 125]
OK Am
[4022.6519 1941.9277 2450.4438 1773.9117 3509.2566 2665.841  1949.2261 2860.1445 1961.601  3539.329  1991.1293 2815.8894]
[852, 158, 1201, 1400, 30, 370, 32, 600, 332, 7, 386, 62]
OK C
[3662.6643 6369.206  3473.012  3883.941  5384.3794 3645.0706 4757.4263 3277.4346 4277.57   5162.3906 3731.071  5000.152 ]
[313, 480, 579, 120, 1445, 94, 352, 612, 66, 1400, 151, 663]
!! C#m Abm
[4940.7827 3551.9006 3265.1084 3631.6077 3430.0525 3598.0166 2716.7925 3368.92   3455.7896 2539.4924 3429.1472 2754.1196]
[16, 506, 80, 2027, 100, 169, 739, 11, 892, 54, 499, 147]
OK Cm
[4424.0396 1852.1229 2853.3691 2427.2883 5089.54   4411.3887 3512.4697 5224.688  3984.272  5962.967  3246.425  4751.3916]
[1549, 30, 807, 1681, 36, 554, 20, 722, 668, 8, 632, 157]
!! Am C
[2488.4849 4170.812  2696.4287 3709.7983 2470.2417 2638.2158 3620.9656 2512.9326 3367.3635 2520.579  3414.2776 2865.5974]
[148, 927, 98, 24, 733, 73, 785, 8, 33, 1638, 69, 581]
!! C# F#
[3269.096  5970.9517 2867.185  3793.142  3704.0142 2708.2966 3538.3774 2990.2214 4907.697  2832.314  3272.6    5453.5156]
[130, 152, 1679, 74, 1392, 15, 682, 207, 21, 1396, 39, 631]
!! C#m B
[2501.2124 4336.6387 1686.671  2420.624  1808.5266 3836.9248 4393.1997 2930.296  5128.95   2479.3477 3489.3054 1849.4541]
[10, 287, 24, 171, 2055, 2, 525, 5, 788, 667, 213, 651]
!! Ab C#
[3155.7979 3245.3809 3659.038  3142.919  2720.5415 2725.2412 5025.474 7149.7866 4329.0186 3278.771  2895.198  2234.1501]
[778, 419, 527, 459, 258, 280, 150, 17, 11, 169, 664, 535]
!! Gm G
[5077.2363 4183.992  3086.4612 3725.2222 3696.8315 5086.508  2958.9922 3101.565  3803.676  3046.0222 3877.9292 3541.357 ]
[150, 847, 279, 578, 329, 47, 466, 132, 646, 35, 312, 493]
OK Fm
[3058.5354 4906.7207 3172.5493 5161.1807 3450.1497 6346.6426 5172.919 3170.419  5751.3325 2913.8894 4087.4236 2005.4292]
[61, 811, 50, 231, 1567, 20, 557, 20, 722, 546, 37, 1294]
!! Fm C#
[3117.1992 5720.8877 3748.5474 3251.2302 4159.6553 3560.0781 5642.766 2533.243  4331.8384 3354.7856 3794.1372 3685.1523]
[678, 215, 1567, 232, 1288, 173, 637, 640, 901, 1865, 76, 823]
!! C#m F#
[1598.2744 2140.214  3839.805  1399.6674 2450.6765 1355.8243 3375.0737 3099.7454 2015.1685 3885.4966 1895.6278 3845.1768]
[968, 19, 1071, 41, 284, 1436, 31, 869, 79, 756, 148, 21]
!! A D
[2543.5994 1857.4983 4442.645  1675.7408 2269.487  4522.3877 2263.3557 1950.212  1587.6543 4162.8003 5167.5903 1834.1758]
[1678, 274, 61, 402, 133, 1581, 93, 107, 433, 31, 207, 82]
!! Bb Dm
[3429.9824 1515.4852 2996.5845 1437.6168 3442.969  5417.022  2937.124 3403.0369 1566.8362 2795.619  2042.294  1536.776 ]
[734, 51, 1, 905, 55, 262, 22, 572, 2067, 11, 471, 45]
OK F
[4437.9595 3574.3906 1452.1868 4647.8657 1710.4373 4694.4595 1477.7811 3239.085  5128.444  1761.5354 4526.02   2047.1888]
[31, 1484, 183, 1749, 850, 57, 1344, 86, 1273, 114, 467, 968]
!! Ab Fm
[2291.9238 1588.696  3638.4468 3714.45   1429.3806 3430.4424 1365.4462 3676.988  1238.9303 2227.2998 5215.02   1648.012 ]
[198, 1712, 137, 935, 184, 757, 110, 38, 576, 96, 982, 112]
OK Bb
[3378.3564 2535.5796 3236.6338 2467.7278 2654.6763 2727.2002 2920.1106 5087.5645 3367.0422 2792.4993 3012.155  2700.8972]
[341, 615, 776, 793, 348, 311, 61, 33, 60, 246, 827, 385]
!! Gm G
[3157.5415 1951.4521 3673.589  2248.375  3067.239  5354.1226 3229.6914 4557.5625 3263.6372 4150.2065 3440.2402 1890.642 ]
[1135, 327, 130, 633, 31, 140, 31, 29, 1275, 131, 2468, 106]
OK F
[2471.0642 3266.7517 4941.607  2396.9658 3498.2534 3118.1282 5552.6333 4554.0625 3168.0986 4606.0767 2707.5332 3543.7222]
[498, 62, 397, 75, 156, 1574, 28, 725, 39, 1093, 495, 76]
!! F#m D
[3669.4573 5232.2095 3131.8132 4705.343  3391.5032 5042.9614 5072.065 3850.3867 6039.93   3589.7295 6578.976  3224.1409]
[163, 1255, 251, 720, 1242, 129, 877, 177, 1341, 812, 98, 995]
OK Bbm
[2428.9465 3938.0247 2720.1929 3526.321  3195.6885 4202.333  6127.699 3705.8313 3450.5896 2761.1228 4046.0493 2701.078 ]
[152, 1578, 416, 10, 893, 5, 189, 0, 156, 2113, 73, 771]
OK F#
[3001.3936 1163.3453 3639.0437 1096.2336 2277.944  4274.896  1971.8314 1910.0559 1065.8154 2924.322  3638.3318 1186.9302]
[1155, 1247, 48, 817, 41, 1113, 161, 627, 1304, 28, 159, 24]
OK F
[1825.034  2085.2095 3235.5334 1979.1306 2741.5015 1983.9254 2980.643 3868.3704 2417.858  3666.774  2571.3806 4517.061 ]
[389, 92, 1546, 80, 438, 854, 75, 756, 89, 555, 333, 225]
OK Bm
[1520.9712 1938.8304 2811.3218 2117.1692 4180.3677 4263.441  6118.75 3786.3057 2050.6553 2435.4485 1887.0718 4793.652 ]
[163, 63, 950, 246, 172, 421, 50, 707, 48, 2152, 446, 65]
!! F#m Em
[6205.1787 5343.033  5745.4395 4293.3296 5598.761  6868.79   5569.202 5010.67   3733.0015 5045.349  4091.265  3163.7263]
[577, 214, 82, 449, 135, 802, 401, 611, 881, 29, 937, 82]
OK F
[5388.154  3755.5276 3584.606  3752.49   2930.4807 3730.9907 3079.9355 3732.757  3321.9639 2941.352  3207.948  2886.7988]
[10, 171, 148, 1310, 45, 217, 653, 101, 1369, 123, 964, 132]
OK Cm
[ 5669.457   5058.392   3431.511   4447.1577  3983.7395  5516.136  4377.3086  5249.9736 10751.701   4149.286   4085.7534  3277.5356]
[189, 328, 214, 2597, 889, 64, 427, 83, 703, 108, 157, 2407]
OK Ab
[ 8112.2764  6541.382   5579.242   5430.1743  5243.0996  9113.349  8753.721  10493.822   8114.4585  5743.6274  7473.415   6011.136 ]
[162, 463, 576, 2276, 487, 204, 587, 184, 700, 191, 748, 954]
!! Gm Ab
[5120.6626 2943.371  3133.4766 1962.3987 2670.2268 3364.976  4832.0215 7315.4824 3894.1328 4688.8057 3242.6938 3832.9856]
[442, 126, 404, 334, 45, 575, 67, 363, 39, 48, 1720, 110]
OK G
[4246.839  3401.2883 3287.0283 2729.479  3877.078  3064.6748 3209.0032 3485.667  2963.0413 4262.0156 3194.5242 3872.3535]
[988, 126, 410, 674, 126, 503, 130, 765, 328, 131, 232, 96]
OK Am
[1859.6669 2022.6262 1832.5831 3072.8132 5003.6313 3061.661  4221.207 2236.032  3616.1196 1485.3845 2285.8926 4182.692 ]
[20, 118, 1794, 77, 469, 32, 918, 492, 56, 271, 147, 1015]
!! E B
[3611.3992 2654.781  5017.1    3327.217  5520.73   3100.3438 3941.9817 5499.486  2510.7356 3290.3245 1994.1893 3179.471 ]
[706, 102, 726, 475, 1, 608, 41, 1097, 111, 1068, 1607, 89]
!! Em G
[1864.4957 3123.1934 4389.559  2534.018  4021.8462 2775.1765 4720.767 3149.5576 2319.9468 3083.3018 1886.408  2868.9944]
[480, 20, 324, 76, 100, 2673, 74, 778, 112, 553, 137, 29]
!! F#m D
[5270.569  3374.3826 3799.9385 3651.6584 4028.4888 4106.1147 4005.773 6710.593  5355.742  5453.3926 3039.4338 3169.265 ]
[573, 187, 325, 2157, 55, 231, 58, 432, 422, 65, 398, 139]
!! G C
[6630.699  6756.037  5639.726  6469.998  4580.6094 5959.371  3782.7668 3851.5708 6247.063  3773.4211 5483.1445 3771.675 ]
[473, 1629, 263, 1014, 276, 74, 859, 139, 412, 24, 112, 1592]
!! C# Ab
[2669.915  1410.6449 2297.894  2490.2373 1628.9917 4116.079  1896.5225 3193.883  1691.6968 2360.3462 6170.6846 1980.5752]
[262, 1900, 143, 785, 104, 633, 173, 79, 921, 144, 1250, 299]
OK Bb
[2330.7024 4416.723  2326.8984 3582.8018 1781.5217 2577.5044 4705.824 2678.1235 3990.6272 2575.675  3923.1707 2965.8591]
[94, 1050, 148, 37, 577, 9, 486, 8, 44, 1688, 103, 611]
OK F#
[7809.4707 6489.205  7274.695  4883.77   4492.2485 5513.0977 4886.2964 5658.132  4091.2783 5245.138  4230.979  5400.294 ]
[197, 224, 115, 680, 149, 501, 118, 173, 1229, 59, 242, 155]
!! C F
[4802.401  3394.3418 2090.3257 5094.3174 2291.3835 4911.904  1938.5669 2581.2292 5154.019  2831.9624 5705.985  3682.6084]
[79, 1422, 71, 520, 596, 54, 1800, 52, 320, 42, 76, 1586]
!! Bbm Ab
[2933.4783 2369.03   3485.8118 3063.1853 2444.4072 3800.0623 3034.4438 4155.36   2727.7317 3203.8503 4909.64   2572.3428]
[27, 1252, 65, 525, 45, 431, 184, 61, 488, 44, 694, 35]
OK Bb
[1301.2297  2722.0386   903.80695 1506.5521  3912.7744  1575.6887 3701.1113  1183.0657  2543.1228  2161.5984  1132.917   3620.0776 ]
[177, 70, 764, 99, 430, 40, 113, 1079, 69, 2253, 85, 729]
OK E
[3905.004  2389.8906 4266.2446 2797.0232 4245.127  3504.2776 3217.7446 5764.7773 3432.6028 5343.6494 2251.5232 3034.7817]
[1388, 72, 480, 1384, 59, 1108, 32, 396, 100, 29, 852, 58]
!! G Am
[4222.9985 2287.8923 2473.3914 3032.831  6240.3613 2878.261  3192.1165 3419.4456 2947.0903 3663.6616 2738.2744 4092.08  ]
[550, 67, 875, 519, 14, 96, 96, 2472, 129, 184, 174, 166]
!! Em E
[6149.883  3600.8218 4756.2163 4535.2153 7054.229  6716.69   4491.71 5155.638  3990.8477 5716.615  3920.2732 3659.4197]
[570, 138, 91, 1801, 70, 1333, 183, 544, 190, 24, 654, 91]
!! Em C
[2908.869  2025.856  2559.532  1971.4844 3284.0972 4246.4614 2656.2402 3429.5017 3240.732  5931.381  3385.8198 3057.0461]
[1518, 75, 746, 839, 45, 852, 40, 573, 189, 6, 331, 64]
OK Am
[2551.9502 2060.242  3643.8257 2524.3071 4632.9575 4719.247  5734.5337 6225.745  3510.0422 3813.1565 2116.1895 3128.4895]
[1138, 48, 559, 430, 40, 447, 13, 1163, 21, 498, 1627, 41]
OK G
[4838.5664 5034.3794 2526.909  6626.0796 2246.774  4721.681  1819.4802 3232.0068 6506.9766 2098.8467 3212.1636 2237.906 ]
[197, 932, 396, 2124, 1019, 206, 1125, 87, 478, 52, 226, 1858]
!! Eb Ab
[3895.034  4873.9756 6734.549  3917.5037 4500.125  4197.956  6188.437 5582.088  4781.7744 5626.515  3867.6777 5572.209 ]
[592, 57, 1404, 129, 838, 2138, 127, 831, 38, 811, 543, 51]
OK D
[5219.9243 3841.1704 4612.876  5512.1514 6666.3174 6024.7104 2977.0652 5180.067  3316.3677 2825.4495 3239.7322 2689.7832]
[61, 976, 89, 949, 32, 93, 632, 15, 752, 89, 1774, 450]
!! Em Cm
[2113.2205 3253.945  2228.563  2726.0427 3907.309  2400.5757 2943.655 2312.15   3071.0498 3352.234  2040.474  3754.7625]
[218, 50, 775, 98, 355, 39, 174, 1059, 25, 943, 66, 1021]
OK E
[1797.6432 3766.8826 2609.1897 3609.633  2628.6902 2956.4639 3849.1475 2938.4153 4236.4746 1732.684  2462.7073 1786.2078]
[66, 1146, 741, 24, 720, 27, 290, 24, 355, 453, 52, 1132]
!! Ab F#
[3120.2253 3439.778  4748.558  6335.519  5711.908  5756.8716 3573.2834 6501.1836 5318.3613 3051.8447 3602.9214 1921.7799]
[29, 508, 18, 439, 56, 193, 1420, 43, 1838, 170, 1238, 180]
!! Gm Eb
[4033.0176 2384.496  4701.9873 2190.4792 3184.0999 2573.7114 2067.3293 3916.562  2295.0767 4189.4976 1968.6405 2562.8289]
[306, 46, 254, 913, 35, 1087, 68, 1513, 930, 3, 249, 61]
!! D C
[2680.4158 4705.8447 3698.595  3061.2175 4640.9106 3698.3247 5844.355 3910.433  4272.3022 4203.388  3101.7712 2987.0708]
[895, 80, 704, 47, 716, 526, 37, 815, 121, 1431, 127, 390]
OK F#m
[2517.532  3925.4973 2197.2463 3068.0312 6889.8374 2808.4993 3634.2617 3518.1377 5468.689  4638.9277 2569.4854 4590.48  ]
[1295, 226, 870, 241, 147, 77, 291, 1138, 71, 660, 283, 1898]
OK E
[4310.1265 3198.9438 5351.57   2837.1084 3573.8057 2463.4253 3601.4104 5913.0547 3703.9712 4358.5557 3409.098  3759.4778]
[771, 73, 635, 173, 34, 824, 13, 69, 60, 91, 2472, 82]
OK G
[4782.687  1559.2582 2705.7358 1497.0181 3867.1416 3613.515  2796.076 5463.8994 2381.9138 3316.1477 1601.1882 2922.2954]
[580, 129, 508, 1278, 10, 833, 20, 1292, 740, 15, 453, 79]
!! G C
[3839.834  6603.8438 2716.646  2912.6904 2229.934  4531.3555 4179.1084 2355.2961 4099.57   2314.679  4331.366  2235.445 ]
[94, 933, 177, 432, 1853, 48, 686, 49, 1533, 1392, 46, 266]
OK C#
[4713.1187 3282.1367 4430.661  7458.008  3251.1533 3219.2415 2556.2776 4183.512  4113.824  2283.5813 4093.1404 2098.7512]
[54, 621, 24, 533, 57, 133, 2469, 62, 956, 95, 1587, 873]
OK Eb
[2782.1223 4147.3145 2435.1707 3631.696  3992.1616 2602.166  5240.527 3921.8005 5114.7983 3545.4875 2400.8    4830.968 ]
[508, 44, 589, 39, 920, 243, 737, 850, 107, 1197, 236, 2104]
!! F# C#m
[6327.6465 7077.9053 4348.8506 7640.4717 4814.136  7094.02   3827.8113 5074.5757 8066.0664 4077.001  6801.816  4860.33  ]
[266, 2385, 426, 1219, 682, 175, 856, 91, 558, 59, 245, 2173]
OK Ab
[4700.474  2465.8389 2877.7148 1881.1434 2743.4907 3220.7356 2699.8943 3945.5676 2780.8542 4627.0977 2309.5603 2817.1892]
[1375, 42, 879, 804, 114, 843, 103, 803, 345, 47, 576, 44]
!! C Am
[1818.2416 2891.5935 2500.0134 1929.3776 3932.7378 4160.8228 7220.65 5865.365  4706.0566 4737.8853 2219.6345 2078.9004]
[889, 41, 217, 38, 470, 502, 65, 1052, 108, 1153, 92, 933]
OK F#m
[3741.4453 4518.1157 4590.586  3327.918  5503.8403 3329.8633 3804.7974 4641.038  3369.83   4434.784  2705.9846 4930.022 ]
[415, 110, 828, 150, 315, 1637, 59, 1007, 103, 962, 243, 100]
!! Em D
[3428.8933 2285.645  4403.036  2662.8552 5613.6055 2922.4312 3828.4407 5459.2163 2933.7593 3587.2244 1612.3699 3220.9626]
[646, 6, 1039, 369, 12, 714, 15, 1022, 25, 421, 1844, 18]
!! Em G
[3083.7188 2571.7554 4272.7505 2571.8152 2731.1409 1672.9117 3975.6472 6656.6636 3528.2412 3803.8955 2293.118  2797.5142]
[893, 206, 786, 501, 21, 738, 26, 86, 17, 108, 1509, 26]
OK G
[5953.8877 4522.921  4373.286  5345.3667 5614.632  7117.7725 2968.6528 3733.1504 3401.9827 3102.6282 4566.901  3526.1946]
[181, 322, 168, 740, 179, 110, 927, 132, 1632, 149, 322, 419]
!! Fm Eb
[3186.1958 5046.7686 1873.0309 3427.4863 2170.561  5170.261  4329.522 3029.129  5816.9243 1906.7177 3651.1213 1407.6613]
[50, 614, 60, 596, 1713, 146, 522, 57, 1350, 246, 118, 906]
!! Ab C#
[4705.2437 4651.769  5217.6777 6562.052  4608.452  6720.5884 6285.9775 7755.811  4760.8813 3136.7375 6336.6646 3543.9702]
[78, 1716, 62, 744, 51, 358, 792, 354, 4343, 79, 920, 296]
!! Gm F
[3497.8135 1764.7001 3628.9714 1933.1049 3577.053  6134.1777 2479.7417 3045.654  2039.0366 3698.6301 4147.38   1900.964 ]
[1096, 443, 56, 856, 27, 343, 32, 294, 2090, 139, 874, 54]
OK F
[5573.565  2908.3818 4997.4473 4798.795  2702.7363 3909.0696 3266.3098 6290.83   5045.942  4324.8306 5709.4717 3435.2705]
[21, 853, 41, 1089, 70, 540, 1125, 52, 142, 14, 405, 135]
!! Gm Eb
[1570.0182 2662.311  4213.19   2183.5884 3591.1372 2728.5989 4426.4946 4768.734  3421.6292 6084.389  2682.1453 4463.7056]
[287, 12, 144, 19, 303, 2871, 103, 390, 64, 985, 291, 4]
!! A D
[1688.4631 2758.0112 2790.2585 1337.2957 2550.5688 2843.9448 5917.1733 4009.2795 3240.6184 4689.8364 2863.2158 4250.139 ]
[375, 22, 1411, 52, 898, 754, 19, 728, 27, 1386, 256, 8]
!! F#m Bm
[4015.9111 2440.9707 3597.8386 5885.681  2423.9695 3672.895  2655.3018 4886.066  3689.898  2252.9858 4111.7383 1964.0542]
[50, 553, 48, 486, 197, 606, 2505, 83, 883, 19, 665, 355]
OK Eb
[2743.791  4146.2773 2364.3098 3764.6587 1973.4116 2783.912  2808.9514 2034.6511 3812.1497 3005.2832 5405.3755 3761.4226]
[91, 769, 113, 34, 844, 42, 1037, 72, 821, 972, 68, 1177]
!! Bbm Ebm
[2557.6855 4023.056  3239.6157 2327.2485 4034.3352 2773.5034 4539.9243 2440.8638 3571.5789 4997.732  2878.6335 3218.7998]
[1468, 35, 208, 45, 843, 216, 31, 504, 38, 870, 217, 953]
OK A
[5041.6724 2880.125  4101.5156 3984.4082 2315.5884 3219.8376 2400.3667 5763.0386 3130.9019 3800.63   6793.559  4134.4087]
[247, 1114, 148, 1069, 124, 822, 388, 63, 629, 202, 1909, 179]
!! Bb Gm
[3123.8132 2387.6455 3380.698  2688.1672 3848.9023 3286.99   2830.2166 4315.336  4052.5088 5756.759  3098.9731 3040.1016]
[1652, 406, 647, 584, 16, 186, 33, 581, 459, 187, 663, 368]
OK Am
[1858.809  2933.414  1480.866  2390.2383 4555.3535 1980.9672 4529.408 1776.0101 2831.1543 1664.7146 2546.0176 5029.1665]
[8, 238, 869, 60, 1719, 120, 866, 109, 28, 581, 112, 838]
OK B
[4580.729  2936.8948 4475.954  3814.4622 2165.4907 3538.1038 2787.671 5652.0757 4259.2407 3269.586  3995.1475 2991.9932]
[24, 494, 364, 1550, 167, 1076, 780, 34, 932, 15, 1591, 385]
!! Gm Cm
[2521.1345 4356.046  1823.8389 2164.0833 3242.9749 1654.5437 2787.6125 2050.8179 4065.126  3320.611  2048.8916 2991.7869]
[602, 33, 768, 181, 1052, 52, 481, 1084, 25, 749, 15, 880]
!! C#m E
[4828.8643 2751.8655 4440.8657 2280.8613 2762.4927 6044.9    3187.5447 4789.0767 2284.9368 3186.6118 2151.765  1627.1049]
[771, 316, 231, 1589, 125, 637, 88, 116, 1608, 181, 1259, 163]
OK F
[1869.437  3558.4058 1627.0854 1757.0382 2047.4672 1544.2892 2991.2805 2221.5942 3807.823  2715.2349 1384.4298 1239.885 ]
[661, 65, 178, 187, 1128, 104, 190, 254, 24, 783, 142, 1086]
!! Ab F#m
[5437.6187 2287.811  2350.4915 3584.427  2377.1973 2514.1172 3004.466 4918.065  3239.4246 2298.7734 2908.9937 3121.9214]
[25, 49, 474, 2009, 31, 166, 2146, 116, 574, 215, 725, 203]
!! Cm Eb
[1409.9788 2461.5046 3245.8103 1708.6609 2457.6814 1586.3663 3499.0378 1568.8567 2413.4253 3581.6123 1548.4337 2052.6838]
[1937, 53, 1003, 18, 739, 42, 4, 269, 20, 985, 29, 535]
OK A
[1484.2365 2401.4897 3574.0117 2093.7083 3152.407  2083.7795 4206.884 3667.3518 1853.5438 4156.495  1415.923  3309.8027]
[177, 6, 236, 56, 249, 2405, 72, 1279, 72, 101, 158, 133]
!! F#m D
[7888.8643 6985.0728 6506.83   5893.4966 7124.1226 7526.9575 5888.2437 6984.776  5749.349  7138.1226 6160.748  5684.7603]
[1429, 555, 693, 1867, 362, 2338, 305, 985, 236, 124, 688, 221]
OK C
[2138.784  4532.556  1561.523  2619.3567 1282.765  2372.477  4891.81 2286.6455 4741.359  2139.9646 3352.1614 3699.948 ]
[68, 665, 757, 59, 638, 17, 606, 116, 45, 1364, 71, 1106]
OK F#
[3823.1653 3131.0996 2333.2744 5976.2524 2004.9911 3241.39   1545.0304 2436.7546 5159.153  2371.9202 5102.563  2135.0088]
[23, 577, 100, 1683, 943, 29, 2458, 18, 267, 7, 43, 1019]
!! Eb Ab
[3755.2764 2622.3042 2504.9094 2162.5398 3427.9348 3165.9077 2338.0676 3389.5476 3826.442  6627.879  3092.5767 3355.8618]
[1984, 293, 1072, 1063, 189, 169, 36, 386, 211, 19, 139, 283]
OK Am
[5114.984  1980.5383 4347.186  2521.057  4182.838  3345.4163 2045.888 4845.126  1806.5083 3223.2742 1864.1427 3627.0046]
[168, 24, 78, 1490, 78, 1348, 164, 1290, 662, 2, 413, 5]
OK C
[2387.2004 3700.2869 2167.1863 3974.5154 2066.6484 3046.1565 4730.5654 2335.4387 3347.361  2406.4438 3587.4534 2471.2185]
[143, 1990, 360, 48, 672, 37, 308, 34, 486, 1564, 81, 520]
OK F#
[5951.5425 1836.9427 2686.536  1626.623  2981.846  3822.0066 3271.2466 6275.1963 3126.998  4772.8745 2246.0842 2623.8704]
[408, 41, 255, 3965, 60, 583, 3, 214, 527, 20, 489, 105]
!! G C
[3073.4937 5297.9365 2809.8105 3444.001  2170.9019 3087.206  2892.7446 2305.574  4780.328  2277.6353 2841.9429 1988.5736]
[132, 204, 77, 134, 1417, 18, 681, 64, 593, 383, 90, 823]
OK C#
[3123.999  3507.5251 3362.517  5759.381  4123.2974 4898.136  2132.3281 2527.9592 3483.511  1747.3618 2357.5046 1804.6895]
[69, 591, 262, 725, 162, 10, 325, 87, 873, 33, 152, 1852]
!! Eb Ab
[4334.2485 4638.237  2947.9783 3841.315  3482.1448 4342.775  4150.395 3194.9011 5552.1978 3722.6426 4680.6074 3448.3806]
[253, 910, 136, 373, 1030, 22, 810, 102, 1630, 202, 227, 884]
!! Ab C#
[3112.689  3388.5542 2571.5754 3643.2747 5674.393  3281.8826 3571.128 2830.7778 3753.03   3830.726  2879.993  4575.7964]
[350, 1, 441, 1, 252, 4, 125, 2676, 5, 398, 17, 608]
OK E
[6040.727  2706.772  4222.524  4600.3213 2463.1667 3364.3977 3098.9507 6959.3667 4649.521  3198.2937 4037.8506 2435.6907]
[41, 298, 71, 2088, 110, 703, 1273, 45, 617, 15, 1087, 714]
!! Gm Cm
[3682.2812 4867.6235 3134.7122 3307.3728 3790.8    3201.0378 3592.4272 2717.3486 3650.763  3457.4485 3081.4956 3593.9521]
[286, 56, 763, 79, 1739, 50, 178, 562, 20, 762, 77, 458]
OK C#m
[1840.8391 4013.2864 1283.0444 2862.1274 1284.3516 3803.4373 1978.385 1293.2686 3397.0261 1111.3396 2597.8586  832.6966]
[48, 796, 44, 210, 1056, 86, 826, 106, 1839, 223, 31, 562]
OK C#
[6429.056  3483.167  4644.8906 4643.753  6742.472  4343.214  3472.8228 3841.9446 3435.9746 4315.054  4649.383  4641.4453]
[301, 69, 1481, 249, 8, 545, 36, 2884, 87, 539, 933, 57]
OK Em
[2124.2998 3124.4602 1656.2773 2600.141  1632.0967 2589.6165 3256.3547 2279.2803 3962.3806 2516.1147 4103.2417 2161.8918]
[49, 1121, 68, 248, 1283, 53, 680, 34, 320, 131, 32, 1096]
!! Bbm C#
[4256.344  3086.3323 3461.4922 4030.8833 3589.4202 3937.964  3566.456 4610.0645 5347.5347 4593.853  5005.661  3321.478 ]
[103, 993, 82, 753, 103, 726, 1316, 35, 965, 81, 253, 127]
!! Ab Eb
[2955.6187 1259.38   3072.0422 3461.3225  985.7964 1594.5927 2217.375 4147.376  4118.851  2442.347  2737.2239 1355.9868]
[138, 1041, 100, 973, 29, 195, 1190, 20, 560, 30, 753, 241]
!! Gm Eb
[3252.4263  1016.53424 1869.2347  1125.2273  3766.5095  2520.2698 1240.1716  3941.2869  1611.4105  2472.684    886.07434 2475.6775 ]
[751, 110, 798, 966, 39, 519, 95, 1127, 553, 66, 784, 49]
!! G C
[4999.5967 4475.3555 5136.6978 7968.034  5314.122  5554.587  5554.3604 4906.6064 4266.919  4203.116  8128.604  5466.968 ]
[279, 631, 563, 741, 278, 772, 529, 43, 684, 110, 425, 179]
OK Bb
[3662.7795 3052.9875 1797.9324 2929.5654 1798.3491 3606.3364 2167.6702 3147.1577 5704.2075 2324.0916 2233.7854 1733.5457]
[58, 740, 22, 511, 186, 14, 441, 6, 371, 72, 314, 2457]
OK Ab
[2852.5076 4366.943  7142.2812 2902.176  4295.738  3188.0034 4813.488 5880.248  3540.3083 5788.124  3071.0637 4396.5566]
[800, 27, 269, 81, 231, 4081, 30, 841, 16, 681, 605, 13]
OK D
[2621.8774 4173.7954 2322.8765 3003.6433 4549.2144 2692.7363 3769.7166 3282.5315 4367.1675 3828.7874 2525.6301 3850.1987]
[535, 4, 541, 78, 718, 6, 327, 960, 6, 289, 13, 866]
OK E
[2432.7683 2548.0574 5995.9824 2945.4521 1605.7072 1690.3984 2297.9949 3762.9495 1687.1102 3229.8376 3283.131  1477.5575]
[594, 1558, 184, 924, 107, 1064, 196, 0, 275, 51, 891, 60]
!! Dm Bb
[3267.3984 2916.0054 5388.6553 3497.3867 3260.5547 2851.7798 3720.1448 5683.8164 3571.0593 3941.8982 2837.1687 4498.2817]
[1745, 154, 603, 94, 47, 768, 127, 1121, 27, 606, 303, 103]
!! G A
[4030.542  2843.6577 3019.9873 3659.7148 3115.6084 5570.241  3835.9575 6527.635  4851.1455 2943.6506 3889.7935 2788.2195]
[25, 1038, 35, 1022, 130, 15, 597, 28, 2178, 33, 285, 435]
!! Gm Fm
[2032.1218 1494.4355 3506.5652 1284.206  3119.2112 1594.93   2874.6753 4471.7354 1853.1743 2656.602  1382.9071 2302.1611]
[702, 169, 964, 709, 88, 765, 46, 443, 30, 435, 1402, 82]
OK G
[2105.0444 3423.5203 5625.472  2016.1805 3842.4045 2243.1335 5271.3403 3998.5505 2432.4573 5295.4067 1908.46   3211.4915]
[1713, 164, 362, 143, 219, 1767, 44, 1007, 133, 1356, 1015, 225]
OK D
[2919.1067 3747.4429 1792.5065 2487.049  4376.345  2206.783  3429.226 2878.2515 4008.739  2617.4001 2477.8037 4226.2935]
[270, 55, 354, 91, 300, 19, 28, 1005, 48, 584, 81, 568]
OK E
[3644.946  2955.6558 4441.123  4609.8    2996.0798 4713.1177 2725.4497 3809.383  2157.4465 2957.0486 5884.232  2643.8643]
[406, 2810, 130, 953, 45, 546, 750, 61, 565, 50, 167, 23]
OK Bb
[1577.6744 1121.2166 1511.5342 3296.9624 1654.9194 4377.923  1563.3865 1777.2493 3403.3403 1564.4844 2392.7278  935.7412]
[15, 133, 17, 294, 53, 183, 2104, 110, 1459, 182, 232, 300]
!! Fm Eb
[1809.3888 1996.3076 2739.0742 1369.707  2134.4233 1354.5924 2701.2344 3687.475  2605.468  3828.89   2706.8408 4100.074 ]
[360, 31, 487, 115, 138, 1170, 22, 599, 17, 636, 905, 28]
!! Bm D
[1396.7628 1781.3271 1359.9702 2082.7424 4345.2085 2176.9148 3830.7278 3038.1707 3293.9617 3906.1814 2176.9956 3804.8118]
[506, 21, 885, 164, 384, 10, 12, 1185, 33, 1002, 82, 1198]
OK E
[1889.54   1647.4702 3011.7292 3360.773  3566.2908 4092.5408 2541.3381 3498.6714 2126.2166 2705.528  3617.874  1940.2919]
[358, 1211, 56, 168, 34, 478, 390, 3, 747, 29, 947, 33]
!! F Bb
[3763.9363 2112.1096 3509.5134 2427.1968 4130.7827 4094.962  2646.3074 3068.289  2493.4702 4399.388  2245.0444 2715.9814]
[821, 91, 397, 886, 99, 2121, 39, 1130, 167, 14, 168, 70]
!! Am C
[3161.5476 4738.002  2154.0203 2576.0623 2271.3604 3125.8599 3485.1707 2584.6758 4720.651  2438.9492 3285.32   2193.6423]
[312, 903, 41, 524, 1847, 22, 196, 11, 665, 450, 76, 1256]
OK C#
[5134.616  2168.1345 2364.0413 1682.6497 3575.7178 4172.3438 1988.0714 4568.122  1871.583  3236.1323 1352.0197 1945.3147]
[798, 163, 656, 2273, 175, 750, 76, 492, 267, 80, 860, 151]
OK C
[4853.2417 6187.7544 4538.5396 4887.681  4340.1284 5054.223  5091.319 3899.0396 5221.5093 5254.7295 6408.1245 4385.53  ]
[217, 622, 137, 600, 2475, 81, 375, 51, 931, 507, 204, 486]
!! Bbm C#
[3836.5466 2825.532  3516.5686 3364.473  2500.3743 3435.387  2888.41 5598.0713 2776.0112 3404.9978 6514.2207 3254.2385]
[99, 2660, 129, 578, 100, 410, 163, 117, 871, 81, 328, 49]
OK Bb
[3183.5925 3704.4153 2883.2607 5091.0815 4836.1665 3862.3394 5916.9595 5827.881  6584.8555 3917.8508 4134.4746 5492.2754]
[90, 125, 1555, 79, 574, 115, 584, 600, 23, 795, 52, 632]
!! Abm B
[5648.302  3031.9595 3680.8706 2305.9143 4168.4463 4711.483  3125.4517 3650.9143 2345.4473 3034.9177 2089.8447 3907.9846]
[440, 47, 742, 1728, 78, 901, 37, 1065, 187, 46, 840, 91]
OK C
[4110.2407 5510.0137 3195.226  2584.9873 2072.3997 2182.54   3284.0354 3312.5671 6424.058  3265.2776 2703.8455 3013.0994]
[206, 191, 107, 870, 770, 34, 130, 4, 71, 384, 330, 3446]
OK Ab
[4093.6018 2254.958  2959.1873 4481.9136 1860.0857 2732.183  1732.522 3970.7966 4140.7544 3109.9631 4398.541  2353.7175]
[41, 570, 60, 388, 96, 127, 1666, 95, 1165, 67, 710, 500]
OK Eb
[3523.9812 2459.3132 3505.7087 4003.3335 2557.8567 3679.1252 3822.3176 7811.166  5689.7334 4560.1196 4670.6733 2406.753 ]
[223, 2078, 59, 466, 93, 338, 490, 32, 785, 37, 711, 108]
!! Gm Bb
